*---><---><--------><------------------------------------------------>
    0    0           C12 200 MeV/A, H2O 30 cm cylinder, r=10, 1 zone
*---><---><--------><--------><--------><--------><--------><-------->
  RCC    1       0.0       0.0       0.0       0.0       0.0      50.0
                10.0
  RCC    2       0.0       0.0      -5.0       0.0       0.0      55.0
                15.0
  RCC    3       0.0       0.0     -10.0       0.0       0.0      60.0
                20.0
  WED    4      -1.7      -1.7       5.0       3.4       0.0       0.0
                 0.0       3.4       0.0       0.0       0.0       7.0
  END
  001          +1     -4
  002          +2     -1
  003          +3     -2    
  004          +4        
  END
    1    2    3    4
    1 1000    0    2

